200 200
400 400
600 600
800 800
1000 1000
983 386
577 215
393 935
686 292
349 821
762 527
690 359
663 626
340 226
872 236
711 468
367 529
882 630
162 923
767 335
429 802
622 958
969 967
893 656
311 242
529 973
721 219
384 437
798 624
615 670
813 326
191 180
756 973
762 870
896 581
205 325
384 727
336 405
746 229
113 957
424 595
982 145
714 367
534 564
943 150
287 808
376 378
888 184
403 651
954 299
232 160
576 568
839 812
926 586
994 939
595 470
534 578
567 301
897 102
817 892
152 156
701 480
486 641
565 789
344 519
140 529
631 617
997 471
481 975
109 527
967 656
897 553
286 465
806 183
519 624
128 571
732 729
103 219
370 568
908 615
140 949
196 723
618 245
246 151
221 255
579 188
864 528
641 150
893 500
234 464
124 314
987 756
943 991
927 365
559 836
932 651
837 128
375 507
274 521
558 395
729 137
535 593
618 228
643 511
628 829
876 704
143 863
513 138
906 440
404 518
328 388
169 217
417 496
624 643
970 183
990 699
272 525
344 790
705 939
354 386
769 282
142 864
197 607
955 104
948 411
522 328
699 643
446 168
140 122
711 110
205 701
761 430
278 105
220 936
944 526
322 765
708 416
682 858
924 637
862 924
100 436
252 699
979 650
768 171
673 531
181 830
233 894
260 463
899 381
399 896
859 673
713 568
990 395
426 966
984 340
890 984
676 142
736 707
745 556
779 418
987 912
248 272
859 409
636 810
742 987
706 601
713 472
221 755
819 599
721 804
839 611
840 567
705 628
327 450
184 158
820 224
122 969
396 881
430 984
692 172
972 450
725 685
822 899
440 642
498 213
498 390
724 390
909 481
919 236
832 155
294 704
279 369
673 576
250 155
560 842
279 584
293 905
321 167
804 713
761 354
826 259
644 602
602 606
984 521
742 868
628 989
572 808
358 298
436 508
353 948
403 533
533 648
490 754
767 346
468 529
600 346
688 297
849 290
803 833
763 597
753 392
586 325
252 896
575 588
457 829
536 760
414 121
460 804
828 227
150 348
656 702
594 397
899 443
639 702
328 403
300 981
747 838
359 951
735 834
539 192
715 127
904 129
149 364
885 929
543 935
277 200
638 771
549 589
267 188
292 495
543 544
529 290
382 840
241 169
726 732
261 442
760 217
523 861
481 409
790 925
396 967
177 934
790 626
524 957
714 768
505 258
312 986
500 646
826 694
716 552
478 929
946 290
147 470
151 580
831 893
557 227
912 686
214 755
312 690
712 979
510 269
289 774
255 741
420 133
487 188
638 866
170 584
156 217
106 260
749 837
205 359
117 118
945 283
773 258
873 537
289 383
707 478
157 914
271 529
100 659
618 638
525 688
274 633
857 281
793 658
170 899
917 239
969 863
422 794
173 347
331 362
682 990
792 791
957 115
321 957
674 891
647 251
631 821
837 540
154 630
198 225
581 116
416 602
931 739
396 104
138 680
418 721
670 262
512 679
277 785
636 904
676 283
207 359
157 944
799 211
627 950
336 260
118 705
763 949
444 211
105 534
791 475
255 514
689 668
193 918
505 782
822 182
117 930
493 174
926 293
286 553
243 574
714 313
279 477
262 675
588 319
210 432
694 417
846 435
137 991
353 543
773 228
625 791
210 118
917 136
363 255
590 558
730 304
771 961
733 985
689 373
304 851
705 950
268 603
385 306
595 639
749 420
767 426
263 877
496 181
965 760
336 555
370 118
811 142
132 596
179 721
870 384
572 627
334 740
283 672
998 830
363 747
250 130
173 414
959 622
547 924
382 835
532 704
854 343
798 886
840 878
659 762
262 283
441 548
923 624
272 922
454 535
721 657
565 847
971 576
469 518
501 803
353 933
507 259
328 306
197 220
184 808
934 398
991 376
898 915
952 171
889 459
606 610
116 224
509 139
700 878
609 253
681 914
238 189
226 467
447 323
587 531
132 522
881 175
850 779
990 854
850 931
313 457
594 381
581 103
420 333
882 981
487 615
896 625
704 122
992 151
397 632
634 481
206 515
557 108
295 599
862 197
583 176
554 177
509 187
232 882
421 166
863 860
682 811
485 386
885 530
490 283
214 176
716 320
592 325
328 839
825 190
936 460
318 543
537 728
682 721
610 155
788 525
915 470
337 453
808 222
883 350
457 997
427 226
369 971
451 649
810 328
739 798
688 110
393 277
790 976
899 452
131 687
877 999
157 266
452 917
441 335
268 798
384 595
976 705
566 428
354 428
708 993
278 397
155 572
574 845
600 525
297 683
212 227
682 321
393 134
239 734
421 459
585 757
954 561
462 572
941 716
952 650
762 282
999 817
754 573
715 406
151 964
990 263
191 672
537 537
759 728
271 180
187 756
890 141
370 352
665 311
969 617
861 783
851 912
600 606
538 367
964 589
332 954
804 475
679 341
912 438
969 236
570 156
944 460
249 314
765 814
526 786
483 439
569 335
352 221
893 790
489 909
431 773
864 235
248 595
477 213
933 498
349 555
555 293
968 756
560 733
623 986
571 158
477 140
445 781
261 390
623 650
300 954
475 164
242 624
659 619
789 644
169 138
251 676
383 219
433 843
904 956
881 475
166 411
567 512
192 729
802 768
431 102
774 807
218 916
483 777
587 272
473 657
362 625
333 697
796 718
541 753
726 474
280 793
785 748
305 930
529 159
698 860
162 524
719 280
441 202
110 980
426 483
689 740
108 923
438 857
693 931
610 420
405 790
213 191
538 470
121 967
529 771
880 643
295 599
824 688
754 886
669 232
369 410
873 430
333 363
287 979
294 849
399 651
639 564
742 230
986 815
249 515
586 181
211 834
733 987
522 487
873 243
619 242
554 544
624 839
859 863
818 153
712 269
705 404
733 499
534 719
315 735
287 853
869 450
687 602
437 262
989 310
405 660
504 911
257 129
803 116
892 621
222 605
843 879
961 628
378 547
400 645
282 587
499 151
989 186
653 426
348 694
636 706
407 192
617 564
221 420
580 166
994 754
723 837
633 684
517 912
231 817
609 465
456 108
569 445
195 222
771 495
869 459
201 276
552 771
740 725
243 372
791 289
127 566
178 712
250 596
624 433
413 286
799 770
294 368
215 441
542 939
837 463
398 990
639 902
813 431
628 957
704 471
246 783
938 325
495 240
821 172
626 234
358 425
956 552
745 172
946 339
111 783
703 461
825 342
416 639
674 944
596 430
467 794
213 457
119 660
650 892
732 276
179 990
653 135
595 398
207 541
637 270
376 340
684 201
583 100
792 309
996 440
639 463
235 804
873 306
464 523
251 249
751 330
239 404
365 786
702 525
379 391
747 707
684 431
861 319
431 653
528 427
994 219
843 281
923 768
487 439
343 638
588 994
920 780
398 286
618 152
763 898
495 510
605 179
842 466
398 325
172 878
653 166
997 548
347 972
316 786
412 559
477 900
553 397
732 903
635 351
107 398
249 554
861 806
634 703
325 984
928 397
863 633
515 860
181 814
885 397
600 297
908 129
249 513
479 934
416 114
285 475
465 486
930 326
292 616
929 569
652 909
866 515
595 433
428 676
247 313
126 800
562 986
829 763
500 308
697 816
375 882
344 740
420 326
118 665
894 999
234 546
908 153
962 503
486 442
232 634
707 310
434 269
296 315
984 696
524 682
565 851
616 861
643 937
187 661
602 981
660 788
579 620
841 593
124 328
935 308
862 642
570 296
863 766
511 900
515 987
634 132
890 250
893 533
239 980
194 793
113 754
582 644
375 423
238 451
651 173
711 565
768 281
813 683
999 377
635 514
364 269
546 307
472 491
740 611
523 887
457 536
693 939
181 120
414 371
471 118
496 234
583 264
467 397
900 467
674 535
933 990
757 532
349 229
923 990
792 447
929 249
935 622
240 168
643 555
439 166
625 836
353 260
152 720
557 104
187 283
540 121
326 297
605 627
478 528
669 270
927 598
420 863
221 560
983 816
167 423
882 692
311 235
853 363
908 462
368 995
698 860
168 976
209 673
603 587
254 273
757 181
823 229
996 944
742 980
812 809
455 747
554 666
934 459
981 842
873 401
838 571
313 958
599 422
684 255
961 890
480 771
123 303
900 120
300 642
152 112
504 507
759 958
225 694
417 258
536 290
560 426
814 773
437 465
248 121
620 209
963 100
932 986
304 833
158 556
527 210
568 931
669 328
941 846
974 358
105 510
601 565
889 467
390 326
832 538
399 505
700 362
557 632
348 761
517 407
369 997
569 838
928 239
218 870
985 192
280 142
654 833
607 543
300 950
821 185
488 220
590 240
534 147
825 783
861 394
242 230
391 763
120 320
954 238
242 992
330 422
134 885
308 694
480 508
644 302
645 184
422 287
325 857
335 202
692 248
496 886
430 840
649 451
212 656
589 354
648 872
728 682
757 988
376 237
497 920
439 194
105 814
382 382
723 669
536 415
817 984
353 299
824 954
650 936
610 292
342 258
164 123
841 821
111 269
110 560
190 502
655 247
316 989
581 939
658 117
406 475
101 711
